Metodo de Euler
y(0.0) = 0.0
h = 0.10
0 0.0000000000000
1 0.1000000000000
2 0.2300000000000
3 0.4020000000000
4 0.6328000000000
5 0.9459200000000
6 1.3742880000000
7 1.9640032000000
8 2.7796044800000
9 3.9114462720000
10 5.4860247808000
11 7.6804346931200
12 10.7426085703680
13 15.0196519985152
14 20.9975127979213
15 29.3565179170898
16 41.0491250839257
17 57.4087751174960
18 80.3022851644944
19 112.3431992302922
20 157.1904789224091

Metodo de Euler Inverso
y(0.0) = 0.0
h = 0.10
0 0.0000000000000
1 0.1300000000000
2 0.3188000000000
3 0.5993280000000
4 1.0229516800000
5 1.6698046208000
6 2.6648952084480
7 4.2032365251789
8 6.5890489792791
9 10.2969164076753
10 16.0671895959735
11 25.0548157697187
12 39.0615126007611
13 60.8979596571873
14 94.9488170652123
15 148.0541546217311
16 230.8844812099006
17 360.0857906874448
18 561.6258334724140
19 876.0143002169659
20 1366.4463083384669

Metodo de Euler Aprimorado
y(0.0) = 0.0
h = 0.10
0 0.0000000000000
1 0.1150000000000
2 0.2732000000000
3 0.4953360000000
4 0.8120972800000
5 1.2689039744000
6 1.9329778821120
7 2.9038072655258
8 4.3286347529781
9 6.4253794344076
10 9.5165615629233
11 14.0795111131265
12 20.8206764474272
13 30.7856011421922
14 45.5216896904445
15 67.3191007418578
16 99.5672690979496
17 147.2825582649654
18 217.8891862321487
19 322.3749956235802
20 477.0019935228987

Metodo de Runge-Kutta
y(0.0) = 0.0
h = 0.10
0 0.0000000000000
1 0.1172000000000
2 0.2797378133333
3 0.5099075540764
4 0.8409660953343
5 1.3225238232800
6 2.0285862046476
7 3.0695496610130
8 4.6100962143217
9 6.8958875261109
10 10.2933852856171
11 15.3492526100646
12 22.8789650935203
13 34.0989948621741
14 50.8239939357338
15 75.7609392203986
16 112.9479183997093
17 168.4086814741263
18 251.1290571110034
19 374.5135054610541
20 558.5579065464365

Metodo Adan-Bashforth
y(0.0) = 0.0
h = 0.10
0 0.0000000000000
1 0.1000000000000
2 0.2300000000000
3 0.4020000000000
4 0.6328000000000
5 1.0000693333333
6 1.5614341125926
7 2.3714789555770
8 3.5562897568103
9 5.3221121528110
10 7.9480714350972
11 11.8428794700379
12 17.6348445650433
13 26.2632360032403
14 39.1161985890128
15 58.2631806513791
16 86.7972738113463
17 129.3292255974569
18 192.7285234455177
19 287.2380752505461
20 428.1320989639961

Metodo Adan-Bashforth por Euler
y(0.0) = 0.0
h = 0.10
0 0.0000000000000
1 0.1000000000000
2 0.2300000000000
3 0.4020000000000
4 0.6328000000000
5 0.9459200000000
6 1.4503504000000
7 2.2369193168889
8 3.3584417444261
9 4.9969508349815
10 7.4819863966796
11 11.1802888333590
12 16.6249202050361
13 24.7500581304216
14 36.9138997900255
15 55.0062241322631
16 81.9320443028141
17 122.1384113543353
18 182.1250688864939
19 271.5127191821949
20 404.8197598488207

Metodo Adan-Bashforth por Euler Inverso
y(0.0) = 0.0
h = 0.10
0 0.0000000000000
1 0.1300000000000
2 0.3188000000000
3 0.5993280000000
4 1.0229516800000
5 1.6698046208000
6 2.5666957037227
7 3.8351793259403
8 5.7608618083396
9 8.6497378444965
10 12.8827270903983
11 19.1762162622182
12 28.6224313633973
13 42.6826707427550
14 63.5715579421873
15 94.7590071017959
16 141.3232887354072
17 210.6958679743059
18 314.1162509000870
19 468.4453567512089
20 698.6313848849252

Metodo Adan-Bashforth por Euler Aprimorado
y(0.0) = 0.0
h = 0.10
0 0.0000000000000
1 0.1150000000000
2 0.2732000000000
3 0.4953360000000
4 0.8120972800000
5 1.2689039744000
6 1.9456653358080
7 2.9503455505412
8 4.4303307336187
9 6.6217824564446
10 9.8866789439105
11 14.7449658269955
12 21.9694362353666
13 32.7351647816092
14 48.7896601869608
15 72.7172842441211
16 108.3861482555216
17 161.5844476205438
18 240.9243942843870
19 359.2389766222753
20 535.6960631387404

Metodo Adan-Bashforth por Runge-Kutta
y(0.0) = 0.0
h = 0.10
0 0.0000000000000
1 0.1172000000000
2 0.2797378133333
3 0.5099075540764
4 0.8409660953343
5 1.3225238232800
6 2.0283613404799
7 3.0687222083470
8 4.6082802073621
9 6.8923651508669
10 10.2867228821220
11 15.3372283794532
12 22.8581235247808
13 34.0634846111728
14 50.7642408683034
15 75.6618503726721
16 112.7854015470905
17 168.1440963998251
18 250.7012522219534
19 373.8262077743365
20 557.4593489350092

Metodo Adan-Multon
y(0.0) = 0.0
h = 0.10
0 0.0000000000000
1 0.1000000000000
2 0.2300000000000
3 0.4020000000000
4 0.6328000000000
5 0.9997021866667
6 1.5611156050634
7 2.3832843344333
8 3.5989328874828
9 5.4042798845718
10 8.0851225299602
11 12.0732572209780
12 18.0126006276161
13 26.8618554951539
14 40.0522610925025
15 59.7190853609312
16 89.0472944728811
17 132.7884263087580
18 198.0309222849394
19 295.3492701237719
20 440.5185933466087

Metodo Adan-Multon por Euler
y(0.0) = 0.0
h = 0.10
0 0.0000000000000
1 0.1000000000000
2 0.2300000000000
3 0.4020000000000
4 0.6328000000000
5 0.9459200000000
6 1.4704877444444
7 2.2581075778688
8 3.4075279070213
9 5.1175221739794
10 7.6598854448097
11 11.4380748116925
12 17.0645352873239
13 25.4480621146613
14 37.9430470094600
15 56.5724066019348
16 84.3531676133888
17 125.7856872037193
18 187.5841512804951
19 279.7647251562096
20 417.2694614839733

Metodo Adan-Multon por Euler Inverso
y(0.0) = 0.0
h = 0.10
0 0.0000000000000
1 0.1300000000000
2 0.3188000000000
3 0.5993280000000
4 1.0229516800000
5 1.6698046208000
6 2.5645018176083
7 3.8731703143242
8 5.8282498992704
9 8.7286011891281
10 13.0422197176511
11 19.4698132834686
12 29.0468435466165
13 43.3222930959393
14 64.6083369146003
15 96.3520556582484
16 143.6964929555975
17 214.3145324214623
18 319.6521587991387
19 476.7846569940009
20 711.1851841984286

Metodo Adan-Multon por Euler Aprimorado
y(0.0) = 0.0
h = 0.10
0 0.0000000000000
1 0.1150000000000
2 0.2732000000000
3 0.4953360000000
4 0.8120972800000
5 1.2689039744000
6 1.9576419545493
7 2.9783907353675
8 4.4864443880537
9 6.7269340502434
10 10.0590251890201
11 15.0180392507543
12 22.4053343128299
13 33.4150972829780
14 49.8284779781580
15 74.3032438239820
16 110.8040649045609
17 165.2453437686110
18 246.4503645758295
19 367.5817365007092
20 548.2754976988563

Metodo Adan-Multon por Runge-Kutta
y(0.0) = 0.0
h = 0.10
0 0.0000000000000
1 0.1172000000000
2 0.2797378133333
3 0.5099075540764
4 0.8409660953343
5 1.3225238232800
6 2.0386814310106
7 3.0980225294882
8 4.6657570671946
9 6.9944208936809
10 10.4577145446776
11 15.6129805333801
12 23.2929093435318
13 34.7391090702690
14 51.8036768349835
15 77.2498728959241
16 115.1998494074489
17 171.8030101097749
18 256.2331413280167
19 382.1757478976059
20 570.0469467475680

Metodo Formula Inversa
y(0.0) = 0.0
h = 0.10
0 0.0000000000000
1 0.1000000000000
2 0.2300000000000
3 0.4020000000000
4 0.6328000000000
5 0.9997021866667
6 1.5742549571144
7 2.4114811590209
8 3.6214093457414
9 5.4171153415012
10 8.1080586258602
11 12.1180461060446
12 18.0770005642647
13 26.9517878008369
14 40.1922573868763
15 59.9429401804582
16 89.3936995999261
17 133.3148816041523
18 198.8325854070233
19 296.5714001019788
20 442.3732327759316

Metodo Formula Inversa de Diferenciacao por Euler
y(0.0) = 0.0
h = 0.10
0 0.0000000000000
1 0.1000000000000
2 0.2300000000000
3 0.4020000000000
4 0.6328000000000
5 0.9459200000000
6 1.4233306775510
7 2.1719198083821
8 3.2946991079513
9 4.9408457102711
10 7.3763538056015
11 11.0140865659172
12 16.4434297507239
13 24.5269327442476
14 36.5675449619875
15 54.5248629216475
16 81.3137535342862
17 121.2692406021997
18 180.8619058818282
19 269.7555720278468
20 402.3670155405513

Metodo Formula Inversa de Diferenciacao por Euler Inverso
y(0.0) = 0.0
h = 0.10
0 0.0000000000000
1 0.1300000000000
2 0.3188000000000
3 0.5993280000000
4 1.0229516800000
5 1.6698046208000
6 2.5997503699139
7 3.9204329274523
8 5.8630014317523
9 8.7776396619218
10 13.1316836530207
11 19.6019424150064
12 29.2316537355920
13 43.5983711357678
14 65.0351711743551
15 97.0026575530903
16 144.6743176149312
17 215.7853157844509
18 321.8710933213178
19 480.1272576090665
20 716.2072703653732

Metodo Formula Inversa de Diferenciacao por Euler Aprimorado
y(0.0) = 0.0
h = 0.10
0 0.0000000000000
1 0.1150000000000
2 0.2732000000000
3 0.4953360000000
4 0.8120972800000
5 1.2689039744000
6 1.9415103594789
7 2.9420119352953
8 4.4286143281776
9 6.6349014114877
10 9.9153780369299
11 14.8022318124330
12 22.0858713874520
13 32.9423569654508
14 49.1281599383203
15 73.2663899420211
16 109.2694618020077
17 162.9719108638595
18 243.0781461691979
19 362.5754833280836
20 540.8392680615448

Metodo Formula Inversa de Diferenciação por Runge-Kutta
y(0.0) = 0.0
h = 0.10
0 0.0000000000000
1 0.1172000000000
2 0.2797378133333
3 0.5099075540764
4 0.8409660953343
5 1.3225238232800
6 2.0286729202889
7 3.0715550132599
8 4.6188853171794
9 6.9191532554310
10 10.3417735105366
11 15.4384780312686
12 23.0333029104935
13 34.3552888869636
14 51.2372252216478
15 76.4134194103046
16 113.9636183821759
17 169.9742661893349
18 253.5250108340651
19 378.1611678935699
20 564.0905669018230

